0 0.645060 0.901791 0.112296 0.170682
0 0.703259 0.479486 0.064338 0.085843
0 0.246293 0.597119 0.068790 0.101884
0 0.754027 0.621006 0.079025 0.119219
0 0.379349 0.674952 0.069937 0.111547
0 0.319595 0.488870 0.052803 0.072937
0 0.815474 0.832369 0.098014 0.146417
0 0.878060 0.904193 0.141554 0.184705
0 0.625571 0.733278 0.098209 0.154497
0 0.730721 0.560552 0.070009 0.091381
0 0.053069 0.526425 0.063099 0.088773
0 0.499444 0.523395 0.058097 0.083293
0 0.982658 0.432535 0.033592 0.066596
0 0.272077 0.234733 0.035372 0.039970
0 0.950436 0.718608 0.098337 0.191901
0 0.401310 0.509151 0.060180 0.080306
0 0.586394 0.442506 0.054432 0.101590