0 0.968991 0.767981 0.061671 0.126260
0 0.243674 0.913581 0.115889 0.167872
0 0.777216 0.437990 0.053583 0.080445
0 0.618488 0.679894 0.083943 0.139509
0 0.200967 0.686661 0.085009 0.105967
0 0.040505 0.539006 0.065722 0.100958
0 0.318295 0.469055 0.057395 0.082079
0 0.352684 0.621582 0.079897 0.138572
0 0.678629 0.455351 0.058355 0.080180
0 0.604895 0.519175 0.070456 0.108935
0 0.784981 0.706060 0.087709 0.149491
0 0.496101 0.581810 0.065385 0.103813
0 0.322350 0.227473 0.034196 0.041819
0 0.579671 0.422153 0.048088 0.064670
0 0.426135 0.436052 0.054663 0.082889
0 0.861594 0.849874 0.137748 0.290253
0 0.736268 0.583825 0.080534 0.122061
0 0.352231 0.423943 0.046970 0.066811
0 0.373438 0.336361 0.039979 0.058153