0 0.807265 0.753207 0.093377 0.122157
0 0.626084 0.577579 0.072165 0.107281
0 0.042478 0.542025 0.061352 0.086709
0 0.859032 0.882528 0.116705 0.151317
0 0.471670 0.808483 0.098058 0.145731
0 0.653808 0.786489 0.098184 0.143909
0 0.488143 0.599767 0.065759 0.099134
0 0.652935 0.386694 0.052449 0.085814
0 0.974303 0.421329 0.050332 0.075973
0 0.205045 0.653401 0.078399 0.131872
0 0.310158 0.654473 0.148136 0.336766
0 0.394797 0.619222 0.059916 0.137795
0 0.413473 0.479218 0.052081 0.079925
0 0.955709 0.338188 0.039200 0.050009
0 0.374680 0.325764 0.035335 0.047949
0 0.944301 0.390353 0.037871 0.058389
0 0.372326 0.421963 0.045343 0.076197