0 0.770378 0.610176 0.078827 0.130055
0 0.063967 0.893146 0.123098 0.191911
0 0.449747 0.930953 0.129252 0.135119
0 0.581098 0.703950 0.088045 0.128056
0 0.847023 0.524094 0.069334 0.090331
0 0.349961 0.408166 0.046419 0.068474
0 0.654858 0.761789 0.094735 0.140985
0 0.250000 0.565993 0.069165 0.097813
0 0.638413 0.613260 0.081210 0.110535
0 0.504508 0.515090 0.063669 0.082167
0 0.397465 0.500945 0.068608 0.108954
0 0.324701 0.682573 0.088045 0.137668
0 0.740054 0.552646 0.075985 0.098700
0 0.670587 0.376781 0.043113 0.063033
0 0.081456 0.250192 0.049536 0.075102
0 0.371328 0.359448 0.043112 0.061968
0 0.717104 0.502841 0.070670 0.098430
0 0.463638 0.836160 0.117192 0.200421
0 0.420979 0.453730 0.062146 0.091146