0 0.624490 0.686588 0.082320 0.118881
0 0.473142 0.697712 0.083906 0.141367
0 0.439409 0.857789 0.117893 0.150068
0 0.060429 0.526512 0.066762 0.100058
0 0.322513 0.719168 0.088484 0.137875
0 0.608026 0.555213 0.066311 0.108371
0 0.345321 0.427921 0.048777 0.078522
0 0.485921 0.538888 0.068912 0.106790
0 0.580900 0.443716 0.054193 0.088555
0 0.692506 0.519670 0.056367 0.074815
0 0.519864 0.405929 0.050260 0.075568
0 0.665980 0.397895 0.059464 0.085017
0 0.818659 0.823704 0.127698 0.199891
0 0.330240 0.639221 0.076898 0.103114