0 0.748310 0.635711 0.071424 0.105210
0 0.601488 0.654556 0.082226 0.131921
0 0.829365 0.849864 0.112051 0.156857
0 0.239930 0.941850 0.122721 0.113760
0 0.301796 0.834011 0.103978 0.146797
0 0.321742 0.748346 0.083976 0.133107
0 0.661590 0.873919 0.135841 0.210700
0 0.447484 0.401256 0.044295 0.074193
0 0.716030 0.560102 0.076944 0.122224
0 0.590087 0.440950 0.045343 0.071344
0 0.439044 0.508615 0.050865 0.091442
0 0.653077 0.379528 0.044574 0.070604
0 0.333330 0.241588 0.029095 0.041486
0 0.961455 0.386592 0.050721 0.090373
0 0.393958 0.571416 0.042116 0.116111
0 0.273874 0.229744 0.035833 0.044849