0 0.065264 0.524975 0.057510 0.082438
0 0.444711 0.949914 0.125231 0.094328
0 0.098269 0.893757 0.117887 0.192050
0 0.823851 0.846932 0.109895 0.174976
0 0.956508 0.345014 0.038387 0.051347
0 0.625114 0.800417 0.097631 0.139383
0 0.742484 0.595239 0.074926 0.118152
0 0.919118 0.951945 0.147482 0.091502
0 0.424625 0.466457 0.051163 0.073774
0 0.593042 0.516597 0.055928 0.073964
0 0.692454 0.945090 0.161880 0.109433
0 0.448661 0.827230 0.117393 0.181814
0 0.326603 0.431679 0.079568 0.205672
0 0.707976 0.515898 0.061185 0.098381
0 0.501709 0.443353 0.059536 0.087366
0 0.450289 0.718128 0.111839 0.166861
0 0.664506 0.485447 0.056165 0.084066