0 0.811426 0.787537 0.097419 0.139406
0 0.239014 0.918248 0.118148 0.161789
0 0.389812 0.509377 0.058974 0.080178
0 0.290138 0.547829 0.061103 0.089184
0 0.635771 0.731891 0.088423 0.130102
0 0.430270 0.868891 0.109499 0.149396
0 0.671368 0.924672 0.130761 0.146876
0 0.360722 0.635584 0.079532 0.120730
0 0.450410 0.967969 0.127342 0.064061
0 0.974918 0.372170 0.043940 0.058568
0 0.612330 0.538827 0.061815 0.086599
0 0.479082 0.664877 0.081788 0.143488
0 0.434377 0.390529 0.043627 0.069804
0 0.581573 0.360514 0.045538 0.079241
0 0.348603 0.366003 0.068097 0.176925