0 0.640884 0.767566 0.101519 0.175539
0 0.211545 0.953236 0.124230 0.084224
0 0.423094 0.409943 0.052399 0.085960
0 0.385897 0.862332 0.111115 0.186488
0 0.440696 0.926077 0.137744 0.137930
0 0.829801 0.796734 0.100723 0.160057
0 0.087561 0.294257 0.038687 0.059448
0 0.647037 0.367960 0.044419 0.059859
0 0.791824 0.735233 0.089738 0.148931
0 0.959742 0.397810 0.050131 0.069757
0 0.753770 0.659956 0.080520 0.126845
0 0.579629 0.377666 0.044965 0.071167
0 0.117408 0.387854 0.045966 0.064582
0 0.299297 0.741648 0.105704 0.152620