0 0.805837 0.881128 0.359406 0.221905
0 0.313208 0.510834 0.053167 0.077410
0 0.159218 0.730729 0.085746 0.118058
0 0.645405 0.747832 0.087212 0.127994
0 0.615390 0.601031 0.070010 0.093278
0 0.231199 0.637949 0.070148 0.099142
0 0.075782 0.363111 0.044984 0.066400
0 0.295780 0.833029 0.121288 0.232889
0 0.503585 0.504096 0.065170 0.113939
0 0.065451 0.834731 0.125829 0.209613
0 0.033903 0.418191 0.055919 0.128699
0 0.979093 0.300319 0.040161 0.060163
0 0.603857 0.536322 0.066327 0.100773
0 0.308906 0.232241 0.038443 0.040547
0 0.653338 0.373163 0.047333 0.073756
0 0.400272 0.462328 0.084681 0.224527