0 0.277051 0.828640 0.108067 0.148816
0 0.464921 0.903351 0.107973 0.169422
0 0.467216 0.782111 0.093174 0.135377
0 0.480099 0.642604 0.082134 0.130795
0 0.308431 0.493450 0.053270 0.070935
0 0.325660 0.690077 0.090251 0.137534
0 0.681195 0.458266 0.052553 0.077178
0 0.779377 0.462178 0.056593 0.075567
0 0.389488 0.476335 0.091936 0.252669
0 0.678336 0.936213 0.118289 0.126954
0 0.673068 0.849993 0.112673 0.138747
0 0.614894 0.612606 0.079638 0.130586
0 0.579398 0.326336 0.037062 0.051948
0 0.635974 0.683029 0.092220 0.153819
0 0.948576 0.328907 0.039011 0.053893
0 0.943335 0.390927 0.039298 0.054000