0 0.603292 0.720482 0.127108 0.221365
0 0.389690 0.659757 0.280552 0.488404
0 0.611246 0.527093 0.081017 0.112955
0 0.657666 0.377133 0.052611 0.074182
0 0.583430 0.443831 0.064052 0.085591
0 0.618853 0.194464 0.076223 0.121979
0 0.846947 0.364463 0.043817 0.061698
0 0.711262 0.424373 0.066136 0.097078
0 0.940017 0.201256 0.039427 0.103649
0 0.761417 0.358033 0.047718 0.071360
0 0.727535 0.174832 0.042282 0.079502
0 0.776573 0.272033 0.040315 0.052633
0 0.818877 0.295937 0.038198 0.057551
0 0.450086 0.363639 0.077837 0.097016