0 0.047086 0.865368 0.093825 0.252983
0 0.197119 0.408763 0.084590 0.078491
0 0.759418 0.356354 0.050754 0.069604
0 0.800696 0.448386 0.063295 0.096788
0 0.507648 0.340471 0.056632 0.061565
0 0.790735 0.308635 0.040902 0.056017
0 0.448146 0.326612 0.054514 0.074948
0 0.636124 0.268716 0.039081 0.045229
0 0.301249 0.797383 0.088093 0.212441
0 0.336703 0.588477 0.126501 0.198405
0 0.689496 0.174685 0.050834 0.081475
0 0.709424 0.316985 0.046442 0.058539
0 0.671910 0.344616 0.054908 0.061357
0 0.742052 0.293226 0.037793 0.056198
0 0.847841 0.355699 0.041784 0.067272
0 0.322278 0.415887 0.113783 0.131352
0 0.840068 0.263285 0.038686 0.046823