0 0.059403 0.583888 0.118365 0.115897
0 0.393705 0.571200 0.114347 0.142358
0 0.503663 0.238384 0.092001 0.120638
0 0.403205 0.344018 0.064979 0.078353
0 0.508803 0.334997 0.062094 0.061482
0 0.727735 0.462788 0.202750 0.401474
0 0.720463 0.179687 0.059883 0.090458
0 0.544942 0.432766 0.091585 0.137089
0 0.589084 0.518954 0.093610 0.128756
0 0.828985 0.271864 0.032729 0.049863
0 0.157147 0.901173 0.210433 0.192225
0 0.854891 0.356990 0.042197 0.065926
0 0.592059 0.265430 0.037345 0.048426
0 0.651768 0.261064 0.039112 0.049272
0 0.373384 0.854610 0.301738 0.280321