0 0.745929 0.529083 0.085014 0.148267
0 0.410357 0.270819 0.149006 0.188657
0 0.728340 0.413100 0.058187 0.084615
0 0.656363 0.717165 0.116759 0.175467
0 0.794412 0.350484 0.051255 0.075289
0 0.219177 0.470715 0.158921 0.170654
0 0.440304 0.347979 0.061523 0.064049
0 0.321180 0.947516 0.181936 0.104742
0 0.884856 0.323720 0.038552 0.054118
0 0.557779 0.295261 0.042833 0.056706
0 0.738304 0.317464 0.043165 0.060450
0 0.601705 0.476005 0.164476 0.311908
0 0.822569 0.308231 0.041441 0.056092
0 0.786105 0.281589 0.034991 0.051449
0 0.496601 0.492834 0.071461 0.150479
0 0.601175 0.294132 0.049376 0.060692