0 0.385977 0.759144 0.120936 0.143330
0 0.544967 0.586178 0.085442 0.107568
0 0.372090 0.934737 0.160785 0.126870
0 0.316293 0.361341 0.183207 0.181707
0 0.088757 0.611601 0.131138 0.110383
0 0.426363 0.569493 0.092024 0.102992
0 0.705316 0.540965 0.066375 0.094003
0 0.640964 0.488718 0.059947 0.083635
0 0.517554 0.495864 0.065050 0.089396
0 0.014915 0.926373 0.029818 0.136392
0 0.292584 0.642004 0.180318 0.263634
0 0.542682 0.734492 0.138538 0.241497
0 0.076169 0.528186 0.148425 0.152153
0 0.574608 0.444987 0.061625 0.077946
0 0.735677 0.466920 0.077578 0.142137