0 0.597007 0.911139 0.165882 0.171865
0 0.338940 0.486379 0.094341 0.099315
0 0.398580 0.881760 0.149368 0.200378
0 0.234641 0.804270 0.166236 0.197012
0 0.373237 0.692239 0.137114 0.185028
0 0.530174 0.773021 0.144439 0.188507
0 0.687689 0.494661 0.195947 0.372599
0 0.850929 0.406568 0.060364 0.087557
0 0.824447 0.632607 0.100756 0.140900
0 0.297804 0.945069 0.175181 0.103266
0 0.463086 0.599088 0.118338 0.163496
0 0.804818 0.456372 0.058592 0.106606
0 0.560726 0.529894 0.082578 0.119642
0 0.655783 0.281710 0.044995 0.056434
0 0.181805 0.489358 0.120481 0.137366
0 0.029417 0.966987 0.057960 0.066026