0 0.294899 0.944186 0.116497 0.111627
0 0.081025 0.785580 0.161271 0.410653
0 0.267249 0.702071 0.075965 0.101895
0 0.349860 0.833243 0.083326 0.133978
0 0.410905 0.602801 0.045594 0.072283
0 0.342747 0.584590 0.052119 0.064317
0 0.550841 0.464967 0.028940 0.046191
0 0.976590 0.922514 0.045781 0.144828
0 0.366947 0.709027 0.068785 0.105861
0 0.204696 0.644861 0.066694 0.082828
0 0.369445 0.529593 0.041663 0.054485
0 0.675532 0.518602 0.035945 0.049973
0 0.316009 0.518060 0.032242 0.047088
0 0.434375 0.504793 0.033085 0.060944