0 0.689357 0.566522 0.120409 0.240423
0 0.294576 0.944052 0.116962 0.111896
0 0.173823 0.858301 0.122931 0.153992
0 0.350015 0.834087 0.082808 0.133965
0 0.366754 0.710118 0.068596 0.104777
0 0.303269 0.647458 0.065367 0.096911
0 0.346415 0.564611 0.051993 0.061569
0 0.198713 0.632252 0.083784 0.105619
0 0.404677 0.621759 0.044792 0.072387
0 0.563367 0.506441 0.030881 0.051594
0 0.417834 0.556741 0.044509 0.069953
0 0.599424 0.470602 0.025435 0.035598
0 0.293825 0.536898 0.036519 0.050372
0 0.015030 0.911330 0.029949 0.108375