0 0.294801 0.944338 0.116589 0.111323
0 0.267302 0.701568 0.075242 0.100273
0 0.080794 0.786997 0.160639 0.409597
0 0.350786 0.831704 0.083917 0.134961
0 0.410865 0.602495 0.045534 0.071345
0 0.550444 0.464626 0.028002 0.044622
0 0.367105 0.709548 0.069028 0.106502
0 0.340330 0.584328 0.050374 0.064142
0 0.976455 0.921177 0.046032 0.147555
0 0.205124 0.644694 0.065020 0.082255
0 0.369484 0.529467 0.040596 0.053743
0 0.675384 0.518729 0.035501 0.048999
0 0.434152 0.504669 0.033235 0.062258
0 0.315555 0.517909 0.032877 0.048336