0 0.660920 0.585513 0.049701 0.073477
0 0.378585 0.710601 0.064136 0.100516
0 0.212889 0.787574 0.108137 0.125000
0 0.288394 0.934253 0.118337 0.131495
0 0.753775 0.605988 0.058293 0.075396
0 0.284150 0.670622 0.069194 0.086308
0 0.414981 0.569588 0.044015 0.087864
0 0.092835 0.758810 0.185491 0.410489
0 0.567612 0.540590 0.035015 0.058151
0 0.349489 0.576056 0.045823 0.061076
0 0.678068 0.519525 0.030962 0.047103
0 0.610063 0.416149 0.044549 0.081477
0 0.609806 0.416445 0.044153 0.083274
0 0.103218 0.969743 0.144747 0.060215
0 0.292319 0.530921 0.058313 0.094914