0 0.309218 0.947194 0.105962 0.105611
0 0.362032 0.724261 0.071402 0.105810
0 0.404438 0.621886 0.045285 0.074263
0 0.257704 0.537262 0.139419 0.203922
0 0.798099 0.673211 0.076757 0.097250
0 0.253392 0.718223 0.086492 0.101412
0 0.320973 0.610163 0.053915 0.069807
0 0.749045 0.964872 0.094576 0.070202
0 0.692580 0.629090 0.059217 0.084285
0 0.546663 0.463034 0.026129 0.036122
0 0.105714 0.960112 0.143209 0.075360
0 0.619868 0.676678 0.058146 0.076019
0 0.609284 0.457956 0.047946 0.094164
0 0.128860 0.752863 0.107638 0.121938